# 1a
1:20


# 1b
20:1


# 1c
c(1:20, 19:1)


# 1d
tmp <- c(4, 6, 3)
tmp


# 1e
rep(c(4, 6, 3), 10)


# 1f
rep(c(4, 6, 3), length.out=31)


# 1g
rep(c(4, 6, 3), times=c(10, 20, 30))
